KNN_GDA parameters for all k in the 
 list = [3, 4, 5, 10, 11, 12, 15, 20, 25, 30, 35, 50, 70, 100] 
 are 
 [[0.7897435897435897, 0.77, 0.7825, 0.7797468354430381, 3], [0.8185185185185185, 0.5525, 0.715, 0.6597014925373134, 4], [0.7240506329113924, 0.715, 0.72125, 0.7194968553459119, 5], [0.694006309148265, 0.55, 0.65375, 0.6136680613668062, 10], [0.6317073170731707, 0.6475, 0.635, 0.6395061728395062, 11], [0.6676557863501483, 0.5625, 0.64125, 0.6105834464043418, 12], [0.6428571428571429, 0.675, 0.65, 0.6585365853658537, 15], [0.6556473829201102, 0.595, 0.64125, 0.6238532110091742, 20], [0.6153846153846154, 0.64, 0.62, 0.6274509803921569, 25], [0.6297297297297297, 0.5825, 0.62, 0.6051948051948052, 30], [0.616822429906542, 0.66, 0.625, 0.6376811594202898, 35], [0.6120218579234973, 0.56, 0.6025, 0.5848563968668408, 50], [0.5882352941176471, 0.55, 0.5825, 0.5684754521963825, 70], [0.5892351274787535, 0.52, 0.57875, 0.5524568393094289, 100]]
list of all parameters is 
 [[0.7897435897435897, 0.77, 0.7825, 0.7797468354430381, 3], [0.8185185185185185, 0.5525, 0.715, 0.6597014925373134, 4], [0.7240506329113924, 0.715, 0.72125, 0.7194968553459119, 5], [0.694006309148265, 0.55, 0.65375, 0.6136680613668062, 10], [0.6317073170731707, 0.6475, 0.635, 0.6395061728395062, 11], [0.6676557863501483, 0.5625, 0.64125, 0.6105834464043418, 12], [0.6428571428571429, 0.675, 0.65, 0.6585365853658537, 15], [0.6556473829201102, 0.595, 0.64125, 0.6238532110091742, 20], [0.6153846153846154, 0.64, 0.62, 0.6274509803921569, 25], [0.6297297297297297, 0.5825, 0.62, 0.6051948051948052, 30], [0.616822429906542, 0.66, 0.625, 0.6376811594202898, 35], [0.6120218579234973, 0.56, 0.6025, 0.5848563968668408, 50], [0.5882352941176471, 0.55, 0.5825, 0.5684754521963825, 70], [0.5892351274787535, 0.52, 0.57875, 0.5524568393094289, 100]]
best_accuracy 0.7825 is recorded for k = 3
best_recall 0.77 is recorded for k = 3
best_precision 0.8185185185185185 is recorded for k = 4
best_Fmeasure 0.7797468354430381 is recorded for k = 3

best overall performance [0.8185185185185185, 0.5525, 0.715, 0.6597014925373134, 4] is recorded for k = 4
########################################
