KNN_GDA parameters for all k in the 
 list = [3, 4, 5, 10, 11, 12, 15, 20, 25, 30, 35, 50, 70, 100] 
 are 
 [[0.7524038461538461, 0.7825, 0.7625, 0.767156862745098, 3], [0.8214285714285714, 0.5175, 0.7025, 0.6349693251533742, 4], [0.6926829268292682, 0.71, 0.6975, 0.7012345679012345, 5], [0.6794425087108014, 0.4875, 0.62875, 0.5676855895196506, 10], [0.6085858585858586, 0.6025, 0.6075, 0.6055276381909548, 11], [0.6462585034013606, 0.475, 0.6075, 0.547550432276657, 12], [0.6122448979591837, 0.6, 0.61, 0.6060606060606062, 15], [0.625, 0.5, 0.6, 0.5555555555555556, 20], [0.5738498789346247, 0.5925, 0.57625, 0.5830258302583026, 25], [0.5816023738872403, 0.49, 0.56875, 0.5318860244233379, 30], [0.5564102564102564, 0.5425, 0.555, 0.549367088607595, 35], [0.5447154471544715, 0.5025, 0.54125, 0.5227568270481144, 50], [0.5135135135135135, 0.5225, 0.51375, 0.5179677819083023, 70], [0.5114155251141552, 0.56, 0.5125, 0.5346062052505968, 100]]
list of all parameters is 
 [[0.7524038461538461, 0.7825, 0.7625, 0.767156862745098, 3], [0.8214285714285714, 0.5175, 0.7025, 0.6349693251533742, 4], [0.6926829268292682, 0.71, 0.6975, 0.7012345679012345, 5], [0.6794425087108014, 0.4875, 0.62875, 0.5676855895196506, 10], [0.6085858585858586, 0.6025, 0.6075, 0.6055276381909548, 11], [0.6462585034013606, 0.475, 0.6075, 0.547550432276657, 12], [0.6122448979591837, 0.6, 0.61, 0.6060606060606062, 15], [0.625, 0.5, 0.6, 0.5555555555555556, 20], [0.5738498789346247, 0.5925, 0.57625, 0.5830258302583026, 25], [0.5816023738872403, 0.49, 0.56875, 0.5318860244233379, 30], [0.5564102564102564, 0.5425, 0.555, 0.549367088607595, 35], [0.5447154471544715, 0.5025, 0.54125, 0.5227568270481144, 50], [0.5135135135135135, 0.5225, 0.51375, 0.5179677819083023, 70], [0.5114155251141552, 0.56, 0.5125, 0.5346062052505968, 100]]
best_accuracy 0.7625 is recorded for k = 3
best_recall 0.7825 is recorded for k = 3
best_precision 0.8214285714285714 is recorded for k = 4
best_Fmeasure 0.767156862745098 is recorded for k = 3

best overall performance [0.8214285714285714, 0.5175, 0.7025, 0.6349693251533742, 4] is recorded for k = 4
########################################
